{
 "frames": [
  {
   "file_path": "./medical/cardiac/0000.png",
   "transform_matrix": [
    [
     0.9968998082568973,
     -0.0008354908397896744,
     -0.07867702493369992,
     6.307367043548993
    ],
    [
     -0.07867843844193256,
     -0.0018206858901724783,
     -0.9968983842033392,
     165.34434669592127
    ],
    [
     0.0006896533190254777,
     0.9999979935269598,
     -0.0018807765294161878,
     -0.5513032698378026
    ]
   ]
  },
  {
   "file_path": "./medical/cardiac/0001.png",
   "transform_matrix": [
    [
     0.9968998082568973,
     -0.0008354908397896744,
     -0.07867702493369992,
     6.307367043548993
    ],
    [
     -0.07867843844193256,
     -0.0018206858901724783,
     -0.9968983842033392,
     165.34434669592127
    ],
    [
     0.0006896533190254777,
     0.9999979935269598,
     -0.0018807765294161878,
     -0.5513032698378026
    ]
   ]
  },
  {
   "file_path": "./medical/cardiac/0002.png",
   "transform_matrix": [
    [
     0.9968998082568973,
     -0.0008354908397896744,
     -0.07867702493369992,
     6.307367043548993
    ],
    [
     -0.07867843844193256,
     -0.0018206858901724783,
     -0.9968983842033392,
     165.34434669592127
    ],
    [
     0.0006896533190254777,
     0.9999979935269598,
     -0.0018807765294161878,
     -0.5513032698378026
    ]
   ]
  },
  {
   "file_path": "./medical/cardiac/0003.png",
   "transform_matrix": [
    [
     0.9968998082568973,
     -0.0008354908397896744,
     -0.07867702493369992,
     6.307367043548993
    ],
    [
     -0.07867843844193256,
     -0.0018206858901724783,
     -0.9968983842033392,
     165.34434669592127
    ],
    [
     0.0006896533190254777,
     0.9999979935269598,
     -0.0018807765294161878,
     -0.5513032698378026
    ]
   ]
  },
  {
   "file_path": "./medical/cardiac/0004.png",
   "transform_matrix": [
    [
     0.9968998082568973,
     -0.0008354908397896744,
     -0.07867702493369992,
     6.307367043548993
    ],
    [
     -0.07867843844193256,
     -0.0018206858901724783,
     -0.9968983842033392,
     165.34434669592127
    ],
    [
     0.0006896533190254777,
     0.9999979935269598,
     -0.0018807765294161878,
     -0.5513032698378026
    ]
   ]
  },
  {
   "file_path": "./medical/cardiac/0005.png",
   "transform_matrix": [
    [
     0.9968998082568973,
     -0.0008354908397896744,
     -0.07867702493369992,
     6.307367043548993
    ],
    [
     -0.07867843844193256,
     -0.0018206858901724783,
     -0.9968983842033392,
     165.34434669592127
    ],
    [
     0.0006896533190254777,
     0.9999979935269598,
     -0.0018807765294161878,
     -0.5513032698378026
    ]
   ]
  },
  {
   "file_path": "./medical/cardiac/0006.png",
   "transform_matrix": [
    [
     0.9991462782763318,
     -0.0008993031796360217,
     0.04130261323870849,
     -3.370332574476251
    ],
    [
     0.04131031604626312,
     0.011700699460105358,
     -0.9990778505303286,
     155.32332689485557
    ],
    [
     0.00041520442326275234,
     0.9999311400721229,
     0.011727860817366272,
     -1.4203108599696748
    ]
   ]
  },
  {
   "file_path": "./medical/cardiac/0007.png",
   "transform_matrix": [
    [
     0.9991462782763318,
     -0.0008993031796360217,
     0.04130261323870849,
     -3.370332574476251
    ],
    [
     0.04131031604626312,
     0.011700699460105358,
     -0.9990778505303286,
     155.32332689485557
    ],
    [
     0.00041520442326275234,
     0.9999311400721229,
     0.011727860817366272,
     -1.4203108599696748
    ]
   ]
  },
  {
   "file_path": "./medical/cardiac/0008.png",
   "transform_matrix": [
    [
     0.9991462782763318,
     -0.0008993031796360217,
     0.04130261323870849,
     -3.370332574476251
    ],
    [
     0.04131031604626312,
     0.011700699460105358,
     -0.9990778505303286,
     155.32332689485557
    ],
    [
     0.00041520442326275234,
     0.9999311400721229,
     0.011727860817366272,
     -1.4203108599696748
    ]
   ]
  },
  {
   "file_path": "./medical/cardiac/0009.png",
   "transform_matrix": [
    [
     0.9991462782763318,
     -0.0008993031796360217,
     0.04130261323870849,
     -3.370332574476251
    ],
    [
     0.04131031604626312,
     0.011700699460105358,
     -0.9990778505303286,
     155.32332689485557
    ],
    [
     0.00041520442326275234,
     0.9999311400721229,
     0.011727860817366272,
     -1.4203108599696748
    ]
   ]
  },
  {
   "file_path": "./medical/cardiac/0010.png",
   "transform_matrix": [
    [
     0.9991462782763318,
     -0.0008993031796360217,
     0.04130261323870849,
     -3.370332574476251
    ],
    [
     0.04131031604626312,
     0.011700699460105358,
     -0.9990778505303286,
     155.32332689485557
    ],
    [
     0.00041520442326275234,
     0.9999311400721229,
     0.011727860817366272,
     -1.4203108599696748
    ]
   ]
  },
  {
   "file_path": "./medical/cardiac/0011.png",
   "transform_matrix": [
    [
     0.9991462782763318,
     -0.0008993031796360217,
     0.04130261323870849,
     -3.370332574476251
    ],
    [
     0.04131031604626312,
     0.011700699460105358,
     -0.9990778505303286,
     155.32332689485557
    ],
    [
     0.00041520442326275234,
     0.9999311400721229,
     0.011727860817366272,
     -1.4203108599696748
    ]
   ]
  },
  {
   "file_path": "./medical/cardiac/0012.png",
   "transform_matrix": [
    [
     0.9913657959539761,
     -0.0010559032392244638,
     0.1311211031104009,
     -9.194400837371006
    ],
    [
     0.13112203477930723,
     0.015098478164944857,
     -0.991251253695266,
     147.1521009457182
    ],
    [
     -0.0009330637026137299,
     0.9998854539523273,
     0.015106567004941465,
     -1.561096679300391
    ]
   ]
  },
  {
   "file_path": "./medical/cardiac/0013.png",
   "transform_matrix": [
    [
     0.9913657959539761,
     -0.0010559032392244638,
     0.1311211031104009,
     -9.194400837371006
    ],
    [
     0.13112203477930723,
     0.015098478164944857,
     -0.991251253695266,
     147.1521009457182
    ],
    [
     -0.0009330637026137299,
     0.9998854539523273,
     0.015106567004941465,
     -1.561096679300391
    ]
   ]
  },
  {
   "file_path": "./medical/cardiac/0014.png",
   "transform_matrix": [
    [
     0.9913657959539761,
     -0.0010559032392244638,
     0.1311211031104009,
     -9.194400837371006
    ],
    [
     0.13112203477930723,
     0.015098478164944857,
     -0.991251253695266,
     147.1521009457182
    ],
    [
     -0.0009330637026137299,
     0.9998854539523273,
     0.015106567004941465,
     -1.561096679300391
    ]
   ]
  },
  {
   "file_path": "./medical/cardiac/0015.png",
   "transform_matrix": [
    [
     0.9913657959539761,
     -0.0010559032392244638,
     0.1311211031104009,
     -9.194400837371006
    ],
    [
     0.13112203477930723,
     0.015098478164944857,
     -0.991251253695266,
     147.1521009457182
    ],
    [
     -0.0009330637026137299,
     0.9998854539523273,
     0.015106567004941465,
     -1.561096679300391
    ]
   ]
  },
  {
   "file_path": "./medical/cardiac/0016.png",
   "transform_matrix": [
    [
     0.9913657959539761,
     -0.0010559032392244638,
     0.1311211031104009,
     -9.194400837371006
    ],
    [
     0.13112203477930723,
     0.015098478164944857,
     -0.991251253695266,
     147.1521009457182
    ],
    [
     -0.0009330637026137299,
     0.9998854539523273,
     0.015106567004941465,
     -1.561096679300391
    ]
   ]
  },
  {
   "file_path": "./medical/cardiac/0017.png",
   "transform_matrix": [
    [
     0.9913657959539761,
     -0.0010559032392244638,
     0.1311211031104009,
     -9.194400837371006
    ],
    [
     0.13112203477930723,
     0.015098478164944857,
     -0.991251253695266,
     147.1521009457182
    ],
    [
     -0.0009330637026137299,
     0.9998854539523273,
     0.015106567004941465,
     -1.561096679300391
    ]
   ]
  },
  {
   "file_path": "./medical/cardiac/0018.png",
   "transform_matrix": [
    [
     0.990549853525924,
     -0.0014965248832056323,
     0.13714498931074584,
     -10.025272730802243
    ],
    [
     0.13715217131474075,
     0.014593577679981908,
     -0.9904424816182664,
     146.69469716218333
    ],
    [
     -0.0005192142358009854,
     0.9998923881617322,
     0.01466091787048346,
     -1.4983076842322873
    ]
   ]
  },
  {
   "file_path": "./medical/cardiac/0019.png",
   "transform_matrix": [
    [
     0.990549853525924,
     -0.0014965248832056323,
     0.13714498931074584,
     -10.025272730802243
    ],
    [
     0.13715217131474075,
     0.014593577679981908,
     -0.9904424816182664,
     146.69469716218333
    ],
    [
     -0.0005192142358009854,
     0.9998923881617322,
     0.01466091787048346,
     -1.4983076842322873
    ]
   ]
  },
  {
   "file_path": "./medical/cardiac/0020.png",
   "transform_matrix": [
    [
     0.990549853525924,
     -0.0014965248832056323,
     0.13714498931074584,
     -10.025272730802243
    ],
    [
     0.13715217131474075,
     0.014593577679981908,
     -0.9904424816182664,
     146.69469716218333
    ],
    [
     -0.0005192142358009854,
     0.9998923881617322,
     0.01466091787048346,
     -1.4983076842322873
    ]
   ]
  },
  {
   "file_path": "./medical/cardiac/0021.png",
   "transform_matrix": [
    [
     0.990549853525924,
     -0.0014965248832056323,
     0.13714498931074584,
     -10.025272730802243
    ],
    [
     0.13715217131474075,
     0.014593577679981908,
     -0.9904424816182664,
     146.69469716218333
    ],
    [
     -0.0005192142358009854,
     0.9998923881617322,
     0.01466091787048346,
     -1.4983076842322873
    ]
   ]
  },
  {
   "file_path": "./medical/cardiac/0022.png",
   "transform_matrix": [
    [
     0.990549853525924,
     -0.0014965248832056323,
     0.13714498931074584,
     -10.025272730802243
    ],
    [
     0.13715217131474075,
     0.014593577679981908,
     -0.9904424816182664,
     146.69469716218333
    ],
    [
     -0.0005192142358009854,
     0.9998923881617322,
     0.01466091787048346,
     -1.4983076842322873
    ]
   ]
  },
  {
   "file_path": "./medical/cardiac/0023.png",
   "transform_matrix": [
    [
     0.990549853525924,
     -0.0014965248832056323,
     0.13714498931074584,
     -10.025272730802243
    ],
    [
     0.13715217131474075,
     0.014593577679981908,
     -0.9904424816182664,
     146.69469716218333
    ],
    [
     -0.0005192142358009854,
     0.9998923881617322,
     0.01466091787048346,
     -1.4983076842322873
    ]
   ]
  },
  {
   "file_path": "./medical/cardiac/0024.png",
   "transform_matrix": [
    [
     0.9815182048668926,
     0.0007335329785625598,
     0.19136738343887844,
     -13.37378113004901
    ],
    [
     0.19134977458271124,
     0.010334598162474331,
     -0.9814675032052594,
     141.74965108355227
    ],
    [
     -0.002697643790233469,
     0.9999463275647297,
     0.01000323486635556,
     -1.340190676108051
    ]
   ]
  },
  {
   "file_path": "./medical/cardiac/0025.png",
   "transform_matrix": [
    [
     0.9815182048668926,
     0.0007335329785625598,
     0.19136738343887844,
     -13.37378113004901
    ],
    [
     0.19134977458271124,
     0.010334598162474331,
     -0.9814675032052594,
     141.74965108355227
    ],
    [
     -0.002697643790233469,
     0.9999463275647297,
     0.01000323486635556,
     -1.340190676108051
    ]
   ]
  },
  {
   "file_path": "./medical/cardiac/0026.png",
   "transform_matrix": [
    [
     0.9815182048668926,
     0.0007335329785625598,
     0.19136738343887844,
     -13.37378113004901
    ],
    [
     0.19134977458271124,
     0.010334598162474331,
     -0.9814675032052594,
     141.74965108355227
    ],
    [
     -0.002697643790233469,
     0.9999463275647297,
     0.01000323486635556,
     -1.340190676108051
    ]
   ]
  },
  {
   "file_path": "./medical/cardiac/0027.png",
   "transform_matrix": [
    [
     0.9815182048668926,
     0.0007335329785625598,
     0.19136738343887844,
     -13.37378113004901
    ],
    [
     0.19134977458271124,
     0.010334598162474331,
     -0.9814675032052594,
     141.74965108355227
    ],
    [
     -0.002697643790233469,
     0.9999463275647297,
     0.01000323486635556,
     -1.340190676108051
    ]
   ]
  },
  {
   "file_path": "./medical/cardiac/0028.png",
   "transform_matrix": [
    [
     0.9815182048668926,
     0.0007335329785625598,
     0.19136738343887844,
     -13.37378113004901
    ],
    [
     0.19134977458271124,
     0.010334598162474331,
     -0.9814675032052594,
     141.74965108355227
    ],
    [
     -0.002697643790233469,
     0.9999463275647297,
     0.01000323486635556,
     -1.340190676108051
    ]
   ]
  },
  {
   "file_path": "./medical/cardiac/0029.png",
   "transform_matrix": [
    [
     0.9815182048668926,
     0.0007335329785625598,
     0.19136738343887844,
     -13.37378113004901
    ],
    [
     0.19134977458271124,
     0.010334598162474331,
     -0.9814675032052594,
     141.74965108355227
    ],
    [
     -0.002697643790233469,
     0.9999463275647297,
     0.01000323486635556,
     -1.340190676108051
    ]
   ]
  },
  {
   "file_path": "./medical/cardiac/0030.png",
   "transform_matrix": [
    [
     0.991577516267043,
     0.0008862455730067289,
     0.12951155856705143,
     -8.305446605296993
    ],
    [
     0.12947769942376122,
     0.01708260067060734,
     -0.9914351769562441,
     147.74545937352613
    ],
    [
     -0.0030910492737295284,
     0.9998536889580965,
     0.016823973706425133,
     -1.6827471909625444
    ]
   ]
  },
  {
   "file_path": "./medical/cardiac/0031.png",
   "transform_matrix": [
    [
     0.991577516267043,
     0.0008862455730067289,
     0.12951155856705143,
     -8.305446605296993
    ],
    [
     0.12947769942376122,
     0.01708260067060734,
     -0.9914351769562441,
     147.74545937352613
    ],
    [
     -0.0030910492737295284,
     0.9998536889580965,
     0.016823973706425133,
     -1.6827471909625444
    ]
   ]
  },
  {
   "file_path": "./medical/cardiac/0032.png",
   "transform_matrix": [
    [
     0.991577516267043,
     0.0008862455730067289,
     0.12951155856705143,
     -8.305446605296993
    ],
    [
     0.12947769942376122,
     0.01708260067060734,
     -0.9914351769562441,
     147.74545937352613
    ],
    [
     -0.0030910492737295284,
     0.9998536889580965,
     0.016823973706425133,
     -1.6827471909625444
    ]
   ]
  },
  {
   "file_path": "./medical/cardiac/0033.png",
   "transform_matrix": [
    [
     0.991577516267043,
     0.0008862455730067289,
     0.12951155856705143,
     -8.305446605296993
    ],
    [
     0.12947769942376122,
     0.01708260067060734,
     -0.9914351769562441,
     147.74545937352613
    ],
    [
     -0.0030910492737295284,
     0.9998536889580965,
     0.016823973706425133,
     -1.6827471909625444
    ]
   ]
  },
  {
   "file_path": "./medical/cardiac/0034.png",
   "transform_matrix": [
    [
     0.991577516267043,
     0.0008862455730067289,
     0.12951155856705143,
     -8.305446605296993
    ],
    [
     0.12947769942376122,
     0.01708260067060734,
     -0.9914351769562441,
     147.74545937352613
    ],
    [
     -0.0030910492737295284,
     0.9998536889580965,
     0.016823973706425133,
     -1.6827471909625444
    ]
   ]
  },
  {
   "file_path": "./medical/cardiac/0035.png",
   "transform_matrix": [
    [
     0.991577516267043,
     0.0008862455730067289,
     0.12951155856705143,
     -8.305446605296993
    ],
    [
     0.12947769942376122,
     0.01708260067060734,
     -0.9914351769562441,
     147.74545937352613
    ],
    [
     -0.0030910492737295284,
     0.9998536889580965,
     0.016823973706425133,
     -1.6827471909625444
    ]
   ]
  },
  {
   "file_path": "./medical/cardiac/0036.png",
   "transform_matrix": [
    [
     0.9418475772689932,
     0.000199071250691628,
     0.3360403272870164,
     -21.12779470739538
    ],
    [
     0.33602992902250256,
     0.007331103736417434,
     -0.9418227761734891,
     127.55166105150126
    ],
    [
     -0.002651036336943501,
     0.9999731072827123,
     0.0068378883946120985,
     -1.1681170568460288
    ]
   ]
  },
  {
   "file_path": "./medical/cardiac/0037.png",
   "transform_matrix": [
    [
     0.9418475772689932,
     0.000199071250691628,
     0.3360403272870164,
     -21.12779470739538
    ],
    [
     0.33602992902250256,
     0.007331103736417434,
     -0.9418227761734891,
     127.55166105150126
    ],
    [
     -0.002651036336943501,
     0.9999731072827123,
     0.0068378883946120985,
     -1.1681170568460288
    ]
   ]
  },
  {
   "file_path": "./medical/cardiac/0038.png",
   "transform_matrix": [
    [
     0.9418475772689932,
     0.000199071250691628,
     0.3360403272870164,
     -21.12779470739538
    ],
    [
     0.33602992902250256,
     0.007331103736417434,
     -0.9418227761734891,
     127.55166105150126
    ],
    [
     -0.002651036336943501,
     0.9999731072827123,
     0.0068378883946120985,
     -1.1681170568460288
    ]
   ]
  },
  {
   "file_path": "./medical/cardiac/0039.png",
   "transform_matrix": [
    [
     0.9418475772689932,
     0.000199071250691628,
     0.3360403272870164,
     -21.12779470739538
    ],
    [
     0.33602992902250256,
     0.007331103736417434,
     -0.9418227761734891,
     127.55166105150126
    ],
    [
     -0.002651036336943501,
     0.9999731072827123,
     0.0068378883946120985,
     -1.1681170568460288
    ]
   ]
  },
  {
   "file_path": "./medical/cardiac/0040.png",
   "transform_matrix": [
    [
     0.9418475772689932,
     0.000199071250691628,
     0.3360403272870164,
     -21.12779470739538
    ],
    [
     0.33602992902250256,
     0.007331103736417434,
     -0.9418227761734891,
     127.55166105150126
    ],
    [
     -0.002651036336943501,
     0.9999731072827123,
     0.0068378883946120985,
     -1.1681170568460288
    ]
   ]
  },
  {
   "file_path": "./medical/cardiac/0041.png",
   "transform_matrix": [
    [
     0.9418475772689932,
     0.000199071250691628,
     0.3360403272870164,
     -21.12779470739538
    ],
    [
     0.33602992902250256,
     0.007331103736417434,
     -0.9418227761734891,
     127.55166105150126
    ],
    [
     -0.002651036336943501,
     0.9999731072827123,
     0.0068378883946120985,
     -1.1681170568460288
    ]
   ]
  },
  {
   "file_path": "./medical/cardiac/0042.png",
   "transform_matrix": [
    [
     0.9926219398319324,
     0.003929655021352017,
     0.12118680776266126,
     -8.550968453616761
    ],
    [
     0.12121386634022785,
     -0.0075924134392097425,
     -0.99259737752274,
     148.9983263972814
    ],
    [
     -0.00298046492085092,
     0.9999634558670538,
     -0.008012724834555812,
     -0.4024877453502995
    ]
   ]
  },
  {
   "file_path": "./medical/cardiac/0043.png",
   "transform_matrix": [
    [
     0.9926219398319324,
     0.003929655021352017,
     0.12118680776266126,
     -8.550968453616761
    ],
    [
     0.12121386634022785,
     -0.0075924134392097425,
     -0.99259737752274,
     148.9983263972814
    ],
    [
     -0.00298046492085092,
     0.9999634558670538,
     -0.008012724834555812,
     -0.4024877453502995
    ]
   ]
  },
  {
   "file_path": "./medical/cardiac/0044.png",
   "transform_matrix": [
    [
     0.9926219398319324,
     0.003929655021352017,
     0.12118680776266126,
     -8.550968453616761
    ],
    [
     0.12121386634022785,
     -0.0075924134392097425,
     -0.99259737752274,
     148.9983263972814
    ],
    [
     -0.00298046492085092,
     0.9999634558670538,
     -0.008012724834555812,
     -0.4024877453502995
    ]
   ]
  },
  {
   "file_path": "./medical/cardiac/0045.png",
   "transform_matrix": [
    [
     0.9926219398319324,
     0.003929655021352017,
     0.12118680776266126,
     -8.550968453616761
    ],
    [
     0.12121386634022785,
     -0.0075924134392097425,
     -0.99259737752274,
     148.9983263972814
    ],
    [
     -0.00298046492085092,
     0.9999634558670538,
     -0.008012724834555812,
     -0.4024877453502995
    ]
   ]
  },
  {
   "file_path": "./medical/cardiac/0046.png",
   "transform_matrix": [
    [
     0.9926219398319324,
     0.003929655021352017,
     0.12118680776266126,
     -8.550968453616761
    ],
    [
     0.12121386634022785,
     -0.0075924134392097425,
     -0.99259737752274,
     148.9983263972814
    ],
    [
     -0.00298046492085092,
     0.9999634558670538,
     -0.008012724834555812,
     -0.4024877453502995
    ]
   ]
  },
  {
   "file_path": "./medical/cardiac/0047.png",
   "transform_matrix": [
    [
     0.9926219398319324,
     0.003929655021352017,
     0.12118680776266126,
     -8.550968453616761
    ],
    [
     0.12121386634022785,
     -0.0075924134392097425,
     -0.99259737752274,
     148.9983263972814
    ],
    [
     -0.00298046492085092,
     0.9999634558670538,
     -0.008012724834555812,
     -0.4024877453502995
    ]
   ]
  },
  {
   "file_path": "./medical/cardiac/0048.png",
   "transform_matrix": [
    [
     0.9813219546117555,
     0.003763267550206881,
     0.19233579805722373,
     -13.13211060968159
    ],
    [
     0.19230540174667968,
     0.007236003343621511,
     -0.9813084493239926,
     141.44281470265466
    ],
    [
     -0.005084668721924998,
     0.9999667384833141,
     0.006377152266617083,
     -1.231823733292856
    ]
   ]
  },
  {
   "file_path": "./medical/cardiac/0049.png",
   "transform_matrix": [
    [
     0.9813219546117555,
     0.003763267550206881,
     0.19233579805722373,
     -13.13211060968159
    ],
    [
     0.19230540174667968,
     0.007236003343621511,
     -0.9813084493239926,
     141.44281470265466
    ],
    [
     -0.005084668721924998,
     0.9999667384833141,
     0.006377152266617083,
     -1.231823733292856
    ]
   ]
  },
  {
   "file_path": "./medical/cardiac/0050.png",
   "transform_matrix": [
    [
     0.9813219546117555,
     0.003763267550206881,
     0.19233579805722373,
     -13.13211060968159
    ],
    [
     0.19230540174667968,
     0.007236003343621511,
     -0.9813084493239926,
     141.44281470265466
    ],
    [
     -0.005084668721924998,
     0.9999667384833141,
     0.006377152266617083,
     -1.231823733292856
    ]
   ]
  },
  {
   "file_path": "./medical/cardiac/0051.png",
   "transform_matrix": [
    [
     0.9813219546117555,
     0.003763267550206881,
     0.19233579805722373,
     -13.13211060968159
    ],
    [
     0.19230540174667968,
     0.007236003343621511,
     -0.9813084493239926,
     141.44281470265466
    ],
    [
     -0.005084668721924998,
     0.9999667384833141,
     0.006377152266617083,
     -1.231823733292856
    ]
   ]
  },
  {
   "file_path": "./medical/cardiac/0052.png",
   "transform_matrix": [
    [
     0.9813219546117555,
     0.003763267550206881,
     0.19233579805722373,
     -13.13211060968159
    ],
    [
     0.19230540174667968,
     0.007236003343621511,
     -0.9813084493239926,
     141.44281470265466
    ],
    [
     -0.005084668721924998,
     0.9999667384833141,
     0.006377152266617083,
     -1.231823733292856
    ]
   ]
  },
  {
   "file_path": "./medical/cardiac/0053.png",
   "transform_matrix": [
    [
     0.9813219546117555,
     0.003763267550206881,
     0.19233579805722373,
     -13.13211060968159
    ],
    [
     0.19230540174667968,
     0.007236003343621511,
     -0.9813084493239926,
     141.44281470265466
    ],
    [
     -0.005084668721924998,
     0.9999667384833141,
     0.006377152266617083,
     -1.231823733292856
    ]
   ]
  },
  {
   "file_path": "./medical/cardiac/0054.png",
   "transform_matrix": [
    [
     0.9991787327330955,
     0.0013291813750906758,
     0.040498065765627346,
     -1.7666856910758781
    ],
    [
     0.04049785884972731,
     0.00018222979795245447,
     -0.9991796085894105,
     156.0703087493542
    ],
    [
     -0.001335470880449371,
     0.9999991000341815,
     0.00012825113887020712,
     -0.23886182676844214
    ]
   ]
  },
  {
   "file_path": "./medical/cardiac/0055.png",
   "transform_matrix": [
    [
     0.9991787327330955,
     0.0013291813750906758,
     0.040498065765627346,
     -1.7666856910758781
    ],
    [
     0.04049785884972731,
     0.00018222979795245447,
     -0.9991796085894105,
     156.0703087493542
    ],
    [
     -0.001335470880449371,
     0.9999991000341815,
     0.00012825113887020712,
     -0.23886182676844214
    ]
   ]
  },
  {
   "file_path": "./medical/cardiac/0056.png",
   "transform_matrix": [
    [
     0.9991787327330955,
     0.0013291813750906758,
     0.040498065765627346,
     -1.7666856910758781
    ],
    [
     0.04049785884972731,
     0.00018222979795245447,
     -0.9991796085894105,
     156.0703087493542
    ],
    [
     -0.001335470880449371,
     0.9999991000341815,
     0.00012825113887020712,
     -0.23886182676844214
    ]
   ]
  },
  {
   "file_path": "./medical/cardiac/0057.png",
   "transform_matrix": [
    [
     0.9991787327330955,
     0.0013291813750906758,
     0.040498065765627346,
     -1.7666856910758781
    ],
    [
     0.04049785884972731,
     0.00018222979795245447,
     -0.9991796085894105,
     156.0703087493542
    ],
    [
     -0.001335470880449371,
     0.9999991000341815,
     0.00012825113887020712,
     -0.23886182676844214
    ]
   ]
  },
  {
   "file_path": "./medical/cardiac/0058.png",
   "transform_matrix": [
    [
     0.9991787327330955,
     0.0013291813750906758,
     0.040498065765627346,
     -1.7666856910758781
    ],
    [
     0.04049785884972731,
     0.00018222979795245447,
     -0.9991796085894105,
     156.0703087493542
    ],
    [
     -0.001335470880449371,
     0.9999991000341815,
     0.00012825113887020712,
     -0.23886182676844214
    ]
   ]
  },
  {
   "file_path": "./medical/cardiac/0059.png",
   "transform_matrix": [
    [
     0.9991787327330955,
     0.0013291813750906758,
     0.040498065765627346,
     -1.7666856910758781
    ],
    [
     0.04049785884972731,
     0.00018222979795245447,
     -0.9991796085894105,
     156.0703087493542
    ],
    [
     -0.001335470880449371,
     0.9999991000341815,
     0.00012825113887020712,
     -0.23886182676844214
    ]
   ]
  },
  {
   "file_path": "./medical/cardiac/0060.png",
   "transform_matrix": [
    [
     0.9893223773088416,
     -0.00041337897821440986,
     0.14574314005744032,
     -9.698352342397612
    ],
    [
     0.14573849143253106,
     0.011281493540775595,
     -0.9892588235737192,
     146.27548592761246
    ],
    [
     -0.0012352614914918744,
     0.9999362764803111,
     0.011221279238029336,
     -1.4651573809974252
    ]
   ]
  },
  {
   "file_path": "./medical/cardiac/0061.png",
   "transform_matrix": [
    [
     0.9893223773088416,
     -0.00041337897821440986,
     0.14574314005744032,
     -9.698352342397612
    ],
    [
     0.14573849143253106,
     0.011281493540775595,
     -0.9892588235737192,
     146.27548592761246
    ],
    [
     -0.0012352614914918744,
     0.9999362764803111,
     0.011221279238029336,
     -1.4651573809974252
    ]
   ]
  },
  {
   "file_path": "./medical/cardiac/0062.png",
   "transform_matrix": [
    [
     0.9893223773088416,
     -0.00041337897821440986,
     0.14574314005744032,
     -9.698352342397612
    ],
    [
     0.14573849143253106,
     0.011281493540775595,
     -0.9892588235737192,
     146.27548592761246
    ],
    [
     -0.0012352614914918744,
     0.9999362764803111,
     0.011221279238029336,
     -1.4651573809974252
    ]
   ]
  },
  {
   "file_path": "./medical/cardiac/0063.png",
   "transform_matrix": [
    [
     0.9893223773088416,
     -0.00041337897821440986,
     0.14574314005744032,
     -9.698352342397612
    ],
    [
     0.14573849143253106,
     0.011281493540775595,
     -0.9892588235737192,
     146.27548592761246
    ],
    [
     -0.0012352614914918744,
     0.9999362764803111,
     0.011221279238029336,
     -1.4651573809974252
    ]
   ]
  },
  {
   "file_path": "./medical/cardiac/0064.png",
   "transform_matrix": [
    [
     0.9893223773088416,
     -0.00041337897821440986,
     0.14574314005744032,
     -9.698352342397612
    ],
    [
     0.14573849143253106,
     0.011281493540775595,
     -0.9892588235737192,
     146.27548592761246
    ],
    [
     -0.0012352614914918744,
     0.9999362764803111,
     0.011221279238029336,
     -1.4651573809974252
    ]
   ]
  },
  {
   "file_path": "./medical/cardiac/0065.png",
   "transform_matrix": [
    [
     0.9893223773088416,
     -0.00041337897821440986,
     0.14574314005744032,
     -9.698352342397612
    ],
    [
     0.14573849143253106,
     0.011281493540775595,
     -0.9892588235737192,
     146.27548592761246
    ],
    [
     -0.0012352614914918744,
     0.9999362764803111,
     0.011221279238029336,
     -1.4651573809974252
    ]
   ]
  },
  {
   "file_path": "./medical/cardiac/0066.png",
   "transform_matrix": [
    [
     0.9854047310576554,
     0.0010227288032603552,
     -0.170224763283683,
     15.354813550227874
    ],
    [
     -0.17022771758923327,
     0.004742886549913651,
     -0.9853933372981246,
     170.9012003205382
    ],
    [
     -0.00020043340835522696,
     0.9999882294572123,
     0.004847759635046389,
     -1.1000228308753606
    ]
   ]
  },
  {
   "file_path": "./medical/cardiac/0067.png",
   "transform_matrix": [
    [
     0.9854047310576554,
     0.0010227288032603552,
     -0.170224763283683,
     15.354813550227874
    ],
    [
     -0.17022771758923327,
     0.004742886549913651,
     -0.9853933372981246,
     170.9012003205382
    ],
    [
     -0.00020043340835522696,
     0.9999882294572123,
     0.004847759635046389,
     -1.1000228308753606
    ]
   ]
  },
  {
   "file_path": "./medical/cardiac/0068.png",
   "transform_matrix": [
    [
     0.9854047310576554,
     0.0010227288032603552,
     -0.170224763283683,
     15.354813550227874
    ],
    [
     -0.17022771758923327,
     0.004742886549913651,
     -0.9853933372981246,
     170.9012003205382
    ],
    [
     -0.00020043340835522696,
     0.9999882294572123,
     0.004847759635046389,
     -1.1000228308753606
    ]
   ]
  },
  {
   "file_path": "./medical/cardiac/0069.png",
   "transform_matrix": [
    [
     0.9854047310576554,
     0.0010227288032603552,
     -0.170224763283683,
     15.354813550227874
    ],
    [
     -0.17022771758923327,
     0.004742886549913651,
     -0.9853933372981246,
     170.9012003205382
    ],
    [
     -0.00020043340835522696,
     0.9999882294572123,
     0.004847759635046389,
     -1.1000228308753606
    ]
   ]
  },
  {
   "file_path": "./medical/cardiac/0070.png",
   "transform_matrix": [
    [
     0.9854047310576554,
     0.0010227288032603552,
     -0.170224763283683,
     15.354813550227874
    ],
    [
     -0.17022771758923327,
     0.004742886549913651,
     -0.9853933372981246,
     170.9012003205382
    ],
    [
     -0.00020043340835522696,
     0.9999882294572123,
     0.004847759635046389,
     -1.1000228308753606
    ]
   ]
  },
  {
   "file_path": "./medical/cardiac/0071.png",
   "transform_matrix": [
    [
     0.9854047310576554,
     0.0010227288032603552,
     -0.170224763283683,
     15.354813550227874
    ],
    [
     -0.17022771758923327,
     0.004742886549913651,
     -0.9853933372981246,
     170.9012003205382
    ],
    [
     -0.00020043340835522696,
     0.9999882294572123,
     0.004847759635046389,
     -1.1000228308753606
    ]
   ]
  },
  {
   "file_path": "./medical/cardiac/0072.png",
   "transform_matrix": [
    [
     0.9996049846773095,
     0.003951273410689478,
     0.027825564625160476,
     -1.4354660843210354
    ],
    [
     0.027818315664436037,
     0.0018778579246535197,
     -0.9996112319112913,
     156.41433859454435
    ],
    [
     -0.004001989738716953,
     0.9999904304982367,
     0.001767198370984502,
     -1.022366223897592
    ]
   ]
  },
  {
   "file_path": "./medical/cardiac/0073.png",
   "transform_matrix": [
    [
     0.9996049846773095,
     0.003951273410689478,
     0.027825564625160476,
     -1.4354660843210354
    ],
    [
     0.027818315664436037,
     0.0018778579246535197,
     -0.9996112319112913,
     156.41433859454435
    ],
    [
     -0.004001989738716953,
     0.9999904304982367,
     0.001767198370984502,
     -1.022366223897592
    ]
   ]
  },
  {
   "file_path": "./medical/cardiac/0074.png",
   "transform_matrix": [
    [
     0.9996049846773095,
     0.003951273410689478,
     0.027825564625160476,
     -1.4354660843210354
    ],
    [
     0.027818315664436037,
     0.0018778579246535197,
     -0.9996112319112913,
     156.41433859454435
    ],
    [
     -0.004001989738716953,
     0.9999904304982367,
     0.001767198370984502,
     -1.022366223897592
    ]
   ]
  },
  {
   "file_path": "./medical/cardiac/0075.png",
   "transform_matrix": [
    [
     0.9996049846773095,
     0.003951273410689478,
     0.027825564625160476,
     -1.4354660843210354
    ],
    [
     0.027818315664436037,
     0.0018778579246535197,
     -0.9996112319112913,
     156.41433859454435
    ],
    [
     -0.004001989738716953,
     0.9999904304982367,
     0.001767198370984502,
     -1.022366223897592
    ]
   ]
  },
  {
   "file_path": "./medical/cardiac/0076.png",
   "transform_matrix": [
    [
     0.9996049846773095,
     0.003951273410689478,
     0.027825564625160476,
     -1.4354660843210354
    ],
    [
     0.027818315664436037,
     0.0018778579246535197,
     -0.9996112319112913,
     156.41433859454435
    ],
    [
     -0.004001989738716953,
     0.9999904304982367,
     0.001767198370984502,
     -1.022366223897592
    ]
   ]
  },
  {
   "file_path": "./medical/cardiac/0077.png",
   "transform_matrix": [
    [
     0.9996049846773095,
     0.003951273410689478,
     0.027825564625160476,
     -1.4354660843210354
    ],
    [
     0.027818315664436037,
     0.0018778579246535197,
     -0.9996112319112913,
     156.41433859454435
    ],
    [
     -0.004001989738716953,
     0.9999904304982367,
     0.001767198370984502,
     -1.022366223897592
    ]
   ]
  },
  {
   "file_path": "./medical/cardiac/0078.png",
   "transform_matrix": [
    [
     0.9946213057916244,
     0.0025627523996434682,
     0.10354656134079318,
     -6.638295028851601
    ],
    [
     0.10354940666824959,
     -0.0010033057088231381,
     -0.9946238051425813,
     151.0079642596104
    ],
    [
     -0.002445085687249448,
     0.9999962128317251,
     -0.0012632807246385706,
     -0.5835041228744728
    ]
   ]
  },
  {
   "file_path": "./medical/cardiac/0079.png",
   "transform_matrix": [
    [
     0.9946213057916244,
     0.0025627523996434682,
     0.10354656134079318,
     -6.638295028851601
    ],
    [
     0.10354940666824959,
     -0.0010033057088231381,
     -0.9946238051425813,
     151.0079642596104
    ],
    [
     -0.002445085687249448,
     0.9999962128317251,
     -0.0012632807246385706,
     -0.5835041228744728
    ]
   ]
  },
  {
   "file_path": "./medical/cardiac/0080.png",
   "transform_matrix": [
    [
     0.9946213057916244,
     0.0025627523996434682,
     0.10354656134079318,
     -6.638295028851601
    ],
    [
     0.10354940666824959,
     -0.0010033057088231381,
     -0.9946238051425813,
     151.0079642596104
    ],
    [
     -0.002445085687249448,
     0.9999962128317251,
     -0.0012632807246385706,
     -0.5835041228744728
    ]
   ]
  },
  {
   "file_path": "./medical/cardiac/0081.png",
   "transform_matrix": [
    [
     0.9946213057916244,
     0.0025627523996434682,
     0.10354656134079318,
     -6.638295028851601
    ],
    [
     0.10354940666824959,
     -0.0010033057088231381,
     -0.9946238051425813,
     151.0079642596104
    ],
    [
     -0.002445085687249448,
     0.9999962128317251,
     -0.0012632807246385706,
     -0.5835041228744728
    ]
   ]
  },
  {
   "file_path": "./medical/cardiac/0082.png",
   "transform_matrix": [
    [
     0.9946213057916244,
     0.0025627523996434682,
     0.10354656134079318,
     -6.638295028851601
    ],
    [
     0.10354940666824959,
     -0.0010033057088231381,
     -0.9946238051425813,
     151.0079642596104
    ],
    [
     -0.002445085687249448,
     0.9999962128317251,
     -0.0012632807246385706,
     -0.5835041228744728
    ]
   ]
  },
  {
   "file_path": "./medical/cardiac/0083.png",
   "transform_matrix": [
    [
     0.9946213057916244,
     0.0025627523996434682,
     0.10354656134079318,
     -6.638295028851601
    ],
    [
     0.10354940666824959,
     -0.0010033057088231381,
     -0.9946238051425813,
     151.0079642596104
    ],
    [
     -0.002445085687249448,
     0.9999962128317251,
     -0.0012632807246385706,
     -0.5835041228744728
    ]
   ]
  },
  {
   "file_path": "./medical/cardiac/0084.png",
   "transform_matrix": [
    [
     0.9997229065022802,
     0.0020803730781528296,
     0.023447436160229557,
     -0.6688476203260478
    ],
    [
     0.02345602088238188,
     -0.004202830137354251,
     -0.9997160353336352,
     158.09468662873712
    ],
    [
     -0.0019812367343678755,
     0.9999890040728909,
     -0.004250462834815396,
     -0.23132048941462813
    ]
   ]
  },
  {
   "file_path": "./medical/cardiac/0085.png",
   "transform_matrix": [
    [
     0.9997229065022802,
     0.0020803730781528296,
     0.023447436160229557,
     -0.6688476203260478
    ],
    [
     0.02345602088238188,
     -0.004202830137354251,
     -0.9997160353336352,
     158.09468662873712
    ],
    [
     -0.0019812367343678755,
     0.9999890040728909,
     -0.004250462834815396,
     -0.23132048941462813
    ]
   ]
  },
  {
   "file_path": "./medical/cardiac/0086.png",
   "transform_matrix": [
    [
     0.9997229065022802,
     0.0020803730781528296,
     0.023447436160229557,
     -0.6688476203260478
    ],
    [
     0.02345602088238188,
     -0.004202830137354251,
     -0.9997160353336352,
     158.09468662873712
    ],
    [
     -0.0019812367343678755,
     0.9999890040728909,
     -0.004250462834815396,
     -0.23132048941462813
    ]
   ]
  },
  {
   "file_path": "./medical/cardiac/0087.png",
   "transform_matrix": [
    [
     0.9997229065022802,
     0.0020803730781528296,
     0.023447436160229557,
     -0.6688476203260478
    ],
    [
     0.02345602088238188,
     -0.004202830137354251,
     -0.9997160353336352,
     158.09468662873712
    ],
    [
     -0.0019812367343678755,
     0.9999890040728909,
     -0.004250462834815396,
     -0.23132048941462813
    ]
   ]
  },
  {
   "file_path": "./medical/cardiac/0088.png",
   "transform_matrix": [
    [
     0.9997229065022802,
     0.0020803730781528296,
     0.023447436160229557,
     -0.6688476203260478
    ],
    [
     0.02345602088238188,
     -0.004202830137354251,
     -0.9997160353336352,
     158.09468662873712
    ],
    [
     -0.0019812367343678755,
     0.9999890040728909,
     -0.004250462834815396,
     -0.23132048941462813
    ]
   ]
  },
  {
   "file_path": "./medical/cardiac/0089.png",
   "transform_matrix": [
    [
     0.9997229065022802,
     0.0020803730781528296,
     0.023447436160229557,
     -0.6688476203260478
    ],
    [
     0.02345602088238188,
     -0.004202830137354251,
     -0.9997160353336352,
     158.09468662873712
    ],
    [
     -0.0019812367343678755,
     0.9999890040728909,
     -0.004250462834815396,
     -0.23132048941462813
    ]
   ]
  },
  {
   "file_path": "./medical/cardiac/0090.png",
   "transform_matrix": [
    [
     0.9997302121587371,
     0.0015311610622896928,
     -0.023176678857162562,
     2.951648904848909
    ],
    [
     -0.023174712893370863,
     -0.0012894735655402674,
     -0.9997305986815818,
     161.5413249981163
    ],
    [
     -0.00156063428020413,
     0.9999979963998553,
     -0.0012536414632385838,
     -0.48212793484537997
    ]
   ]
  },
  {
   "file_path": "./medical/cardiac/0091.png",
   "transform_matrix": [
    [
     0.9997302121587371,
     0.0015311610622896928,
     -0.023176678857162562,
     2.951648904848909
    ],
    [
     -0.023174712893370863,
     -0.0012894735655402674,
     -0.9997305986815818,
     161.5413249981163
    ],
    [
     -0.00156063428020413,
